Day	 Suceptible	 Exposed	 Infected	 Total
0	999	0	1	1000
1	999	0	1	1000
2	998	1	1	1000
3	996	3	1	1000
4	996	3	1	1000
5	996	3	1	1000
6	997	3	0	1000
7	997	3	0	1000
8	997	3	0	1000
9	997	2	1	1000
10	995	4	1	1000
11	993	6	1	1000
12	992	7	1	1000
13	991	8	1	1000
14	991	6	3	1000
15	991	6	3	1000
16	990	7	3	1000
17	989	7	4	1000
18	986	9	5	1000
19	984	11	5	1000
20	983	12	5	1000
21	980	15	5	1000
22	977	17	6	1000
23	976	17	7	1000
24	973	21	6	1000
25	973	21	6	1000
26	971	22	7	1000
27	970	21	9	1000
28	970	19	11	1000
29	971	19	10	1000
30	970	20	10	1000
31	969	21	10	1000
32	966	24	10	1000
33	964	25	11	1000
34	962	24	14	1000
35	962	23	15	1000
36	958	25	17	1000
37	956	25	19	1000
38	953	29	18	1000
39	954	25	21	1000
40	951	28	21	1000
41	946	34	20	1000
42	939	41	20	1000
43	944	38	18	1000
44	940	42	18	1000
45	936	46	18	1000
46	934	46	20	1000
47	929	47	24	1000
48	921	54	25	1000
49	914	58	28	1000
50	909	61	30	1000
51	905	66	29	1000
52	897	72	31	1000
53	892	77	31	1000
54	887	78	35	1000
55	875	89	36	1000
56	874	90	36	1000
57	866	93	41	1000
58	860	95	45	1000
59	859	95	46	1000
60	856	94	50	1000
61	855	93	52	1000
62	843	102	55	1000
63	835	100	65	1000
64	829	101	70	1000
65	814	118	68	1000
66	806	126	68	1000
67	797	137	66	1000
68	793	135	72	1000
69	783	142	75	1000
70	771	145	84	1000
71	760	151	89	1000
72	756	155	89	1000
73	752	159	89	1000
74	744	169	87	1000
75	724	184	92	1000
76	710	197	93	1000
77	697	206	97	1000
78	692	207	101	1000
79	682	213	105	1000
80	668	221	111	1000
81	658	229	113	1000
82	646	238	116	1000
83	636	248	116	1000
84	628	255	117	1000
85	627	249	124	1000
86	622	257	121	1000
87	617	248	135	1000
88	606	257	137	1000
89	593	261	146	1000
90	587	262	151	1000
91	585	268	147	1000
92	590	270	140	1000
93	588	271	141	1000
94	583	272	145	1000
95	572	284	144	1000
96	564	286	150	1000
97	561	291	148	1000
98	546	304	150	1000
99	541	301	158	1000
100	532	300	168	1000
101	523	306	171	1000
102	517	304	179	1000
103	514	302	184	1000
104	513	299	188	1000
105	508	303	189	1000
106	497	314	189	1000
107	484	327	189	1000
108	478	332	190	1000
109	473	325	202	1000
110	462	330	208	1000
111	463	327	210	1000
112	455	327	218	1000
113	456	329	215	1000
114	451	339	210	1000
115	447	344	209	1000
116	450	343	207	1000
117	437	366	197	1000
118	435	355	210	1000
119	426	357	217	1000
120	420	351	229	1000
121	410	351	239	1000
122	408	351	241	1000
123	411	349	240	1000
124	404	358	238	1000
125	396	363	241	1000
126	386	373	241	1000
127	396	366	238	1000
128	387	371	242	1000
129	388	374	238	1000
130	380	376	244	1000
131	385	372	243	1000
132	385	374	241	1000
133	392	372	236	1000
134	384	385	231	1000
135	379	391	230	1000
136	386	388	226	1000
137	379	386	235	1000
138	386	376	238	1000
139	377	382	241	1000
140	373	393	234	1000
141	375	390	235	1000
142	382	384	234	1000
143	381	380	239	1000
144	379	378	243	1000
145	378	373	249	1000
146	381	376	243	1000
147	368	379	253	1000
148	371	386	243	1000
149	363	387	250	1000
150	363	375	262	1000
151	364	374	262	1000
152	360	381	259	1000
153	352	388	260	1000
154	356	385	259	1000
155	351	396	253	1000
156	348	385	267	1000
157	346	389	265	1000
158	346	395	259	1000
159	341	404	255	1000
160	343	400	257	1000
161	352	395	253	1000
162	360	389	251	1000
163	357	384	259	1000
164	355	381	264	1000
165	362	384	254	1000
166	362	386	252	1000
167	362	390	248	1000
168	354	390	256	1000
169	346	384	270	1000
170	354	389	257	1000
171	361	376	263	1000
172	354	380	266	1000
173	353	377	270	1000
174	350	389	261	1000
175	353	383	264	1000
176	356	373	271	1000
177	354	371	275	1000
178	359	371	270	1000
179	363	368	269	1000
180	358	376	266	1000
181	347	375	278	1000
182	338	380	282	1000
183	338	383	279	1000
184	334	380	286	1000
185	332	374	294	1000
186	338	376	286	1000
187	335	385	280	1000
188	336	391	273	1000
189	333	389	278	1000
190	330	381	289	1000
191	325	388	287	1000
192	322	396	282	1000
193	320	402	278	1000
194	323	398	279	1000
195	327	402	271	1000
196	329	412	259	1000
197	311	417	272	1000
198	318	413	269	1000
199	308	420	272	1000
200	310	416	274	1000
201	314	409	277	1000
202	327	399	274	1000
203	324	406	270	1000
204	328	403	269	1000
205	325	398	277	1000
206	337	392	271	1000
207	344	382	274	1000
208	342	385	273	1000
209	362	370	268	1000
210	363	359	278	1000
211	365	357	278	1000
212	373	362	265	1000
213	378	365	257	1000
214	388	356	256	1000
215	385	360	255	1000
216	379	372	249	1000
217	377	373	250	1000
218	376	375	249	1000
219	377	371	252	1000
220	371	362	267	1000
221	368	378	254	1000
222	365	376	259	1000
223	362	370	268	1000
224	354	377	269	1000
225	364	379	257	1000
226	369	373	258	1000
227	371	371	258	1000
228	365	378	257	1000
229	365	376	259	1000
230	359	381	260	1000
231	361	375	264	1000
232	355	380	265	1000
233	348	387	265	1000
234	354	381	265	1000
235	364	371	265	1000
236	365	376	259	1000
237	370	376	254	1000
238	364	371	265	1000
239	371	367	262	1000
240	371	361	268	1000
241	383	358	259	1000
242	382	358	260	1000
243	379	359	262	1000
244	375	364	261	1000
245	381	370	249	1000
246	383	383	234	1000
247	387	377	236	1000
248	388	370	242	1000
249	390	369	241	1000
250	391	366	243	1000
251	396	361	243	1000
252	384	369	247	1000
253	389	357	254	1000
254	392	366	242	1000
255	390	359	251	1000
256	377	369	254	1000
257	375	376	249	1000
258	380	365	255	1000
259	383	363	254	1000
260	382	366	252	1000
261	379	369	252	1000
262	382	370	248	1000
263	376	370	254	1000
264	360	377	263	1000
265	366	378	256	1000
266	370	379	251	1000
267	371	378	251	1000
268	383	367	250	1000
269	377	373	250	1000
270	374	377	249	1000
271	377	366	257	1000
272	379	361	260	1000
273	379	355	266	1000
274	372	368	260	1000
275	381	367	252	1000
276	394	357	249	1000
277	397	356	247	1000
278	394	365	241	1000
279	386	367	247	1000
280	376	380	244	1000
281	375	385	240	1000
282	372	379	249	1000
283	369	381	250	1000
284	358	383	259	1000
285	363	378	259	1000
286	363	376	261	1000
287	367	372	261	1000
288	362	364	274	1000
289	360	362	278	1000
290	367	363	270	1000
291	361	363	276	1000
292	359	360	281	1000
293	353	362	285	1000
294	352	362	286	1000
295	356	352	292	1000
296	354	359	287	1000
297	351	363	286	1000
298	350	357	293	1000
299	354	368	278	1000
300	356	364	280	1000
301	344	370	286	1000
302	350	363	287	1000
303	349	364	287	1000
304	338	377	285	1000
305	338	371	291	1000
306	328	386	286	1000
307	319	381	300	1000
308	321	376	303	1000
309	324	379	297	1000
310	320	388	292	1000
311	325	383	292	1000
312	323	370	307	1000
313	322	370	308	1000
314	327	370	303	1000
315	330	370	300	1000
316	320	377	303	1000
317	322	384	294	1000
318	332	379	289	1000
319	337	389	274	1000
320	334	385	281	1000
321	328	391	281	1000
322	330	391	279	1000
323	327	389	284	1000
324	336	376	288	1000
325	351	374	275	1000
326	351	378	271	1000
327	349	384	267	1000
328	347	395	258	1000
329	352	392	256	1000
330	354	390	256	1000
331	352	393	255	1000
332	348	392	260	1000
333	347	388	265	1000
334	341	401	258	1000
335	347	402	251	1000
336	335	397	268	1000
337	335	396	269	1000
338	340	393	267	1000
339	342	389	269	1000
340	346	390	264	1000
341	336	395	269	1000
342	342	399	259	1000
343	339	397	264	1000
344	342	395	263	1000
345	353	390	257	1000
346	363	390	247	1000
347	360	395	245	1000
348	359	402	239	1000
349	363	402	235	1000
350	366	387	247	1000
351	371	380	249	1000
352	376	376	248	1000
353	376	380	244	1000
354	363	388	249	1000
355	365	385	250	1000
356	362	382	256	1000
357	362	381	257	1000
358	355	381	264	1000
359	350	383	267	1000
360	349	383	268	1000
361	353	385	262	1000
362	350	383	267	1000
363	345	375	280	1000
364	337	379	284	1000
365	337	372	291	1000
